repeated runs without moving

[[101.49384217774002, 95.6544208226407],
 [101.31633629380802, 94.52882423693254],
 [104.38869670610895, 94.94596654710416],
 [102.48902380255166, 95.59933933652057],
 [100.4987562112089, 95.71059313749964],
 [101.40019723846694, 95.09211512449896],
 [101.49384217774002, 95.6544208226407],
 [100.40418317978589, 95.14276455788425],
 [100.17983829094555, 93.43363036245051],
 [100.40418317978589, 95.14276455788425],
 [100.4987562112089, 95.71059313749964],
 [102.23991392797629, 93.92590770368398],
 [103.23759005323593, 93.88790956083307]]


rotating of the one above
[[84.50443775329198, 129.71875937155488],
 [100.65783625729296, 130.97173633351485],
 [80.43009387039157, 128.43730149106256],
 [81.05553651663777, 128.99099404250546],
 [99.15644204992432, 131.72951207681643],
 [80.43009387039157, 128.43730149106256],
 [83.24061508662703, 128.6598082540901],
 [83.60023923410746, 126.73282666448938],
 [101.53324578678651, 129.8055710922652],
 [83.40863264674707, 127.69424046668917],
 [83.24061508662703, 128.6598082540901],
 [80.80222769206304, 126.44444175658711],
 [80.0, 126.86989764584402],
 [102.17631819555841, 130.2363583092738],
 [79.20227269466452, 127.30394827798344],
 [83.24061508662703, 128.6598082540901],
 [83.40863264674707, 127.69424046668917],
 [82.20097323024831, 126.5910882673993],
 [82.41965784932621, 125.61848983925177],
 [80.0, 126.86989764584402],
 [82.00609733428362, 127.56859202882748],
 [82.61961026293939, 128.11827636936306]]

rotating on altered shaft
[[134.09325113517085, 87.86308914624276],
 [148.00337833982033, 89.61287224584905],
 [146.01369798755184, 89.21517539700811],
 [150.02999700059985, 88.8542371618249],
 [136.23509092741122, 86.63353933657021],
 [138.52075656738234, 85.0302592718897],
 [135.14806694880988, 77.6091433393191],
 [125.44720004846661, 81.28856244804963],
 [117.72000679578642, 83.6598082540901],
 [126.3210196285638, 85.91438322002513],
 [128.03515142334936, 88.65737597346224],
 [136.5283853270081, 84.95754893082909],
 [133.09019498069722, 82.66139366376377],
 [129.87686476043376, 80.24757505834621],
 [116.72617529928752, 83.60560223477242],
 [123.00406497347964, 89.53419091723501],
 [130.31116606031887, 86.03968816954162],
 [132.38202294873727, 79.11447294534128],
 [124.61540835707277, 80.76444090683408],
 [121.49897118905987, 84.8055710922652],
 [131.4610208388783, 85.20016388609531],
 [136.49908424601244, 79.01934998982645],
 [123.0447073221762, 82.52844082340762],
 [116.52038448271615, 84.5829778861434],
 [121.01652779682617, 89.05304855322653],
 [138.52075656738234, 85.0302592718897],
 [117.08543888972702, 79.169920456593],
 [123.17873193047572, 82.06724168582794]]




